Zscore
5.3912949608459
-0.89254544430929
-0.425956824303458
-0.964023214769279
5.42740412441098
-1.06585419867938
-0.985109005810646
-0.86790019741183
-2.47009815344949
5.41057308725748
-0.000111572281988964
-0.522738365104152
-0.916939297472757
-1.08245720771267
0.940864754999522
-0.47662443894362
0.0028636918382553
5.37674701778929
-0.476527659850322
-0.933602340490202
-0.41556820625169
-0.440782372911266
-0.759240610775264
-0.518430502249404
-1.11246095269414
5.01229815077854
4.99554681742738
-0.76278278930321
-1.9432511177918
-0.389562724972657
4.88970651814423
-1.00812964519223
-0.920110381787378
-0.399404894087258
-0.55322286303311
