Zscore
3.31983683507762
3.3279211386406
2.83628857736451
2.80457134353082
2.82114924517527
0.240706128742937
-2.56746765154873
-2.53351701365752
3.52897299694066
0.344386192325695
6.064071788684
-2.57353480275576
-0.160304406916182
6.06148310511507
-1.14733595270597
5.0395494895576
0.519307516726904
3.04132158286805
-0.573868227914766
1.11998172484342
-2.5172440543001
-0.553878039885859
3.74907370179598
-2.49288171271874
-1.10195022628058
-2.47030170925961
-2.50329039211154
-2.45862577455584
-2.52132950881865
0.244588718107444
-2.42518942073304
-0.230338337489268
-2.46318642526238
-2.4814006257511
0.326951528311858
5.8510018580048
2.89040005788215
