Zscore
2.67244783263829
0.944571931019482
0.926221080412489
1.28131894190537
9.51196467442593
7.61327268183871
7.62291451003041
9.77885534149309
0.846262005103251
9.43175179717633
9.49339940251203
9.82991029061875
6.31726778918861
9.79044131152462
10.5717940585777
-0.719476869292705
9.82780835102456
3.85710233684879
5.36055613743429
9.91153606928744
9.11242277295607
0.929882431176961
10.0605650184055
10.0007864245584
9.80546088412329
1.31724953830961
10.0637430295076
2.75253384298689
9.78305953347323
8.03861137147117
1.99822110201077
7.52626914352124
5.79060250020695
0.944647197921705
9.78141520248037
9.80828512875033
4.64675153123322
2.6122126615323
8.51271895466034
0.105108584484043
9.88726086211143
0.135798001078085
9.9913975527498
10.0596261993096
10.0589449519148
10.0846265807087
7.65317454492454
