Zscore
1.44936114465283
-2.73878584323912
3.63584705521672
3.56016190334581
1.46729033165117
1.16406714578408
3.03822975265068
3.00459920640946
3.61173015199949
-1.30740030600381
0.848173998916474
-2.71773515240807
3.4125619859704
1.41875241118933
0.967261493079773
-2.64051330151142
0.153458951628979
-0.261761694504302
1.22847060392217
3.86293438539376
0.362254816633141
-2.83706162389122
3.90916247932599
1.63241679247241
3.89419421282335
1.6465010478935
-2.91740429213084
3.96802969325372
-2.91937947417717
0.562174409471901
-2.85735486116992
-2.63362687563873
1.46932603609143
-0.595115969752387
2.57761171338105
-2.34549855521715
3.82626165250072
3.01164232750529
-2.51755252469643
1.29663111195474
-2.72350647096326
1.42398015805803
3.80423461331172
0.691753941639715
