Zscore
0.848381541928815
0.0303599493317763
0.83427352240351
0.386796610561745
5.36878966197078
0.709745760632536
0.873472910019333
0.153899020296568
1.2128154629654
-0.480480528801121
-0.184620193000268
4.44811307277651
5.03055713845852
3.64277746017516
2.89957871586544
3.95087293318131
0.614520870420838
0.833511922218673
0.912504101679539
0.901160513304855
-0.0697511435656124
0.961596527819322
0.973480860206258
0.997136318426446
1.66336976413746
1.35805381544813
0.110615192365716
0.391430350393554
1.45779426819979
1.06413604033127
-0.0403403707375897
-0.042847384713263
1.82325352356239
1.15208727962634
1.25995740379948
1.0470383712841
1.08005335188408
1.08642588012973
0.282739649949265
1.02946729180399
1.01129523635638
-0.402866757890108
