Zscore
1.24364809940849
-1.07384005257978
0.0841354759004358
-0.564275046460814
-1.0418845148068
-0.554598513072724
-0.989384716745535
-0.492344440393924
0.0561017316976763
-0.991292630504162
-1.0000487137105
5.58985959770801
-0.956314208468267
-0.602421035617853
-1.01373789368935
-1.57603966758173
-1.29506075334617
-1.08741567311604
-0.013847381577377
-1.03015816423719
-1.30538169976989
0.0181780313582244
-0.992871430540098
-1.06698817793607
-1.00595990971345
-1.08152766264113
-1.01822376714829
-0.988565817185037
-1.02357889280849
-1.21866566977965
-1.03541839723237
-0.228633317157851
-0.904331741251279
-0.869207066210371
-0.386575455468984
-0.718749597367956
-0.602053672485266
-0.986483659433196
-1.01786935902471
-1.03824959289838
-0.131294329868012
-0.561237269443667
-1.39168502934292
0.311422789570944
-0.617888383211844
-0.712542928593847
