Zscore
4.90749679875346
0.0910419323818179
0.411136939180927
1.76038262276211
2.24842732318462
-5.22401687683533
-0.226385374288714
-3.45472307671
-4.03927450920582
-3.82464411201939
-3.8444391082273
-3.73205350700438
-3.72650972132438
-3.61277701756964
-3.96440006842064
0.299334446482125
-4.14548252976973
3.94111460537701
4.08841579034795
3.16286270267482
5.48386931626711
5.45655962445043
5.11457476907312
4.66263474112775
4.70462269867135
5.50219070737085
5.52492455213127
0.0493689508582116
5.57923960991434
0.56097639383883
0.0582848153101826
3.72365541252412
1.52181854577709
5.54881924894173
5.78106313148035
0.00820667752252863
5.69625143529642
-1.47851823683586
-2.60626037996492
5.60465148274392
0.602408968403631
5.29822368674886
0.493989828036921
5.16138047265842
5.49171927580049
0.395382965793589
1.39903243199286
0.588129962846183
1.21499355407828
