Zscore
5.72645540701972
6.26532237860865
6.04850967021849
-1.53347266432509
6.26183656770995
5.63635332994556
4.07094086583213
5.67535589386526
5.71445824110132
-0.199181950886381
6.15751758980858
-1.33008790391952
6.16110551877667
8.86163457421692
-1.40244662293026
5.37354107987974
5.71002897705586
8.49060172767015
8.75894244229761
-1.71253860322442
5.91456128296169
5.90668892346936
5.97217262436432
5.93149586929208
-1.14747617496417
4.4080648743131
8.57646814710166
8.66179808410449
4.35249283908011
4.51966888307661
9.5099259169666
5.55447687283563
6.24622660655191
6.28992482018366
6.26772246842696
6.32680149402257
6.31416628991763
6.06864401472133
5.86765149778516
-0.994305457107268
8.76275916118899
5.90256770173491
6.30043879913482
8.8491771557005
6.22918276236205
6.0481018891358
0.155369040327251
0.160587212670148
6.44059380752756
6.27820663405512
-3.33165887214465
-2.14577916216587
-0.75046622480143
5.11100435866402
4.26641245443412
0.613790363426936
0.164334052928301
6.27940366073361
4.82831301750046
-0.345815772568935
6.26924320635673
6.27618348673819
6.32786029152484
1.28690228409786
6.24820939990176
6.25018474761564
1.44791994524225
