Zscore
-0.440279263171317
-1.53857580440179
-3.96201284538902
-3.55356510608094
-3.9668291980254
1.05177250046053
1.06102690683144
1.08513601554546
-3.9523105174888
-3.57080333964595
-1.54637701236351
-0.537467266304608
1.05231575525166
-3.34215658262401
1.04325589836545
-3.50097370488364
0.974620911342429
4.00952183968726
1.04407038065194
-2.08296958710014
3.98564389595477
-2.35858653555501
1.67982366281086
4.00476294531382
-3.38807493850397
3.53101385970634
3.65585318792386
3.90001811565935
1.44996609877155
3.59592808569408
3.60415223851544
-0.663663517238437
3.97562477481272
3.9745105654892
3.96463576660941
0.310848786627676
3.84016489271511
1.01053037632145
3.92313547577294
3.43632116028918
3.88992287645992
-0.17620403987864
3.94341234473912
3.96865622721375
3.82439215996101
4.00298327422537
1.05276398687171
3.95740291290278
3.9269147026326
-3.9648576789003
1.03842387185875
-3.94717447615179
-3.95251389877633
-3.90875045378239
0.414586074078531
1.02914818490355
-3.38751641424168
