Zscore
0.403015950183171
2.01887112837254
-0.498542499371708
-0.518081955793346
1.31986461273449
1.27300587317919
1.35892200454844
-0.0961119085317548
3.96046136352337
1.37679443552994
1.41782169556782
2.30706305943255
4.01042668965814
-1.25883412955182
-0.461453437729389
-0.456524054043643
3.9608230279715
-0.278058225755759
0.416634711089976
-0.454843685839178
-0.061753559585656
3.97394470997802
2.11591988311675
0.623975859296957
4.31828394660067
4.12637386480458
1.21477458486242
1.55611804794741
1.60629884477485
1.01378847156322
0.82440293139235
-4.05291356530303
0.535850968886195
0.444259902328899
-0.812589343279877
1.6132044919746
-0.925035934733385
0.436281684139154
1.05014668675774
0.689994451918829
0.471227314216967
0.495784385077764
1.39459323679326
-0.384014230749044
-1.48201983971258
-0.253543043767581
2.87279616830367
1.75838775973068
0.271323691041132
0.049749802062333
4.84935537147937
4.88912597303411
-0.347037526492343
2.8546651145494
1.11680685829109
