Zscore
0.874653468346627
1.01954282417569
0.927259662411138
-1.28878752391377
0.90146746680795
0.881934755794339
0.825440563646805
0.881785874925447
0.816605292850736
6.43153860840295
1.01773009800012
-0.0865375024316028
1.00703962871769
0.92791135604616
1.03884173701443
-0.218762181699121
0.821721432512797
0.333704841813794
0.874973206747845
0.271545792574972
0.597237477868831
-0.933923078841303
-0.655591466624508
-0.298388420301207
1.33103537811249
1.10292949452686
0.0503460874304418
4.2298960634512
0.350053392476122
0.857125952924981
0.321452108396131
0.934759169117223
-0.175512417979862
0.790724217138003
0.849467532669133
-0.342697094936175
1.15745830468625
0.557672562252481
0.661590594434184
-0.320035487826062
-0.301183073116213
-0.352982221106921
0.0709802126382518
-0.471148185193646
0.899226067787877
-0.290411588442711
0.300619750077793
0.906664357494942
