Zscore
1.18604276535011
1.17601095091668
4.34813888281459
6.7346490896269
4.32972260057367
-0.184687298486706
3.97294861113525
4.30042740844501
-0.291365935303785
4.27322771618317
0.0895164250594487
-0.256017352441947
-0.237161963067132
0.461195404972575
-0.215266297504444
5.11577056686802
5.0135844221078
1.87248588028284
-0.0563556542129706
7.76625747177439
0.845981205203886
0.691713359662402
4.36074611030108
7.66750943184339
7.56312157720627
3.78518306687627
5.02789750718442
4.8999743999607
0.763127278014547
4.62123960062268
0.245713213453484
6.28276779812915
4.88661626425539
5.02114732384907
4.95026451737877
1.45374883299607
1.75123112967589
1.5486314537675
4.79599450176472
4.93219007697389
5.05601928865111
