Zscore
0.767110414096774
7.77844113680529
7.12122797439001
-0.309876571617427
7.74808881384128
7.79288692379166
5.78498369850127
4.11119464155191
0.122368708133153
0.378631711760909
2.60003719424453
2.07683206962331
3.33312751441337
3.49212541174727
2.8188929958761
7.62647932942752
7.53555792182668
7.85861362735519
7.83552338143004
-0.999522625967648
7.58659105370779
7.55358710516688
7.25719000196389
7.86011142635802
7.42979837693738
-1.39918898088731
-1.28366218751091
7.79570268352714
-3.0440438884696
0.70334314605582
0.733472136738239
7.5217613118001
7.65246246431537
7.72515599695966
7.72031106946968
7.6908759235099
7.78113393317348
-1.27863458305649
7.70078363517804
7.76838112786612
-0.221175765456047
7.37760594652353
0.715760378300763
7.82328830697471
