Zscore
2.04339866590425
0.191173379668219
6.36988509691309
3.0565413830216
3.45314099440581
-0.501853798306209
-0.64907185528077
3.70311878032194
-2.12133314076496
3.5313040107467
2.75986256795697
3.02638749386941
4.18011116350789
-0.141308785321585
2.72977171576347
3.81917796042052
4.43739411884613
2.63317235351978
1.04404675847723
0.565453886167016
3.86109655628646
3.1060378077142
5.80551252569096
1.12829828840789
1.06632486951229
2.4135759553961
3.88271578097102
3.03839585198194
5.66125188880477
3.80927481278232
-1.89150002972206
