Zscore
-2.21118981372069
-3.94418923659591
7.12248484541119
-1.28366671447401
-6.81740482844887
-6.85468302245742
-6.64674046665514
-6.86408464372725
-6.90116309034367
0.240878099045309
0.579616748413654
-6.23258963535866
6.8566424269955
-1.76764968606407
-1.4041355401973
6.41449918501984
6.11483160658739
-5.28567319641928
0.605305479929519
-6.46431182802366
6.71216898145112
2.40836601530471
-0.630890302455436
0.389095205298709
-1.28394205178857
0.556814944194127
6.68608171808813
6.7383602282666
1.60342092545576
6.69507537040235
