Zscore
-2.28796866981092
-8.78129503033419
-0.743004320683173
-3.66076448474929
2.40013091185456
-0.991519218077193
-0.484012866858246
-5.29187807298541
0.186971221275967
8.17218548280077
3.59076897115976
8.70879743282221
8.09627494834987
0.152947530604066
2.29342987879219
8.26736709653443
7.97835715789575
8.61319460610886
0.210516440737267
8.7186906136467
8.20101021203099
0.148717024540715
8.7341494081843
8.71806615470418
8.65323545201964
8.70170464885765
-2.55466319932039
0.479021907050047
8.2520890876344
8.34314500734829
8.6734888445328
8.44734566514898
0.348437036032775
-2.28658861460543
