Zscore
0.330015051282923
-0.703714750677936
-0.547442646539014
5.48049973952318
3.91803016545789
-0.876790833854251
3.97247497538015
-0.20234517542739
0.107553586801236
0.240750908112043
-0.260440127471591
3.91957623640114
6.07559820834622
-0.1365192640307
0.802272962724692
0.0695401038669414
-0.171320426360179
0.392058435874034
4.0015976054342
0.228908613719931
0.00545840082282345
-0.335260566350663
5.18046151320557
-0.143682655788251
0.129379643122592
-0.346483693826816
-0.818696146060112
4.40935184338857
3.95739320465975
3.7886231652363
4.86031125361201
4.00903291293652
-2.27621780999739
1.7737847080708
3.6840784366708
0.539461231897278
3.69869731217462
