Zscore
5.47063895973299
5.59004838670976
5.59727262388276
5.6666654789535
5.69399053529974
5.68259817054345
6.75961823593616
6.29266052829472
5.67712558487279
6.82641275258354
6.43255205662214
5.64496764465638
5.67973027483048
6.81251503844859
6.79737822114913
6.82205706325141
0.473874012886735
5.65922350777145
8.18249507501114
8.07766021748437
6.79116366475976
6.85809844974342
6.81913524122726
6.8006824846002
6.82330756843485
6.09723849241287
6.81698215932361
-3.52432568102262
6.87005172941275
-1.61513490720391
-3.4294485212606
-1.27335241053502
-3.38556610265363
6.86216062993018
6.30029183537159
4.44593037036189
-1.27958707177328
-3.36767043180267
-3.29352988110828
8.81053773018851
-3.36880726731904
1.04688969527126
8.80710305313458
8.94525439563508
6.10038428663223
9.00715133559988
8.81469190552826
6.85608742304833
3.16264429767179
4.10633481950647
6.84762618168058
2.58353237247922
-3.2070518139609
-3.86057726072175
8.96812940776881
6.56444856570923
8.66266127360147
8.30352091314109
