Zscore
-0.476066141108634
-1.8531377201208
0.0933633665024793
4.71516124385194
1.7291340199871
-0.468710460498011
4.9442260751489
-0.507601634647812
5.44481189238128
-2.29284932449862
-0.333576707427411
4.87481403495256
-1.90339056432158
-0.481253057441373
1.57908043734949
4.688159954307
5.1453590399057
-0.753379037972839
5.12392985279469
-2.41077187847408
-1.18221715290086
-1.47556644436025
-1.29556013959381
-1.6040682790328
4.0776663771065
0.838505736417033
3.81273235396655
-0.387054085777267
3.92605637700219
3.75291521798348
1.37671728351846
1.08618241660126
2.1794002807368
-0.585871962789451
2.74236844484113
3.48443267713789
2.24365041962246
3.36243548094262
1.46257687501175
2.72032766235642
-0.507533101611079
1.1813648861486
-0.139226167585712
3.06967862731897
-1.64917366850458
2.8484886007204
0.182931039035665
2.94613520278898
0.526323260373154
3.5792791552552
0.972728425083357
3.55511255574773
-0.725044024119205
-1.60254716053563
-1.32726912209703
3.93966575404243
1.6972464799198
-1.394584327108
3.81462626299912
1.72537032999276
3.8681662600062
-1.31118077008087
