Zscore
5.55794225954279
-2.3680136500389
4.02010125693655
-2.26284339584532
-1.06009246394232
-2.23225641291356
-2.23283905181222
4.03963621350002
4.01085777957748
-2.26372652862054
3.25460664503442
-1.42422078147887
-0.166905319886617
-2.7503105077385
5.49679231794115
0.469098535624244
-2.38663514780896
-2.19216341526507
1.94083943405435
4.51705413178932
4.55009627515885
2.15008009767335
0.504948558980154
0.596832424792113
5.94598130571375
5.97646981979503
-0.333233071877818
5.89022233504041
4.40300906763
-0.183569630921675
5.99829958785481
6.19276064127008
4.6554355158465
6.36595224355113
-0.64364203916779
1.1015171509822
3.30751236175114
1.87737205950647
-0.478137094952845
-0.668762359436174
-0.304287052029029
