Zscore
1.39138745668329
1.25961307469641
1.24274102646383
1.00631512880602
1.76032185092688
1.77299392704895
1.23984052719487
0.013145855527863
3.34442070070233
0.0589288626810051
3.04635989154196
3.43017626543677
-0.53058867458971
-0.457127387196385
1.15946463332313
-0.142164747579157
3.44030977258105
0.0663716569832978
-0.470757545576573
-1.27650386060639
1.29678310982984
0.186647647155017
-0.0315174134489562
-1.86110304674774
1.33859170925916
-0.0418119958011567
2.21931377110913
1.206092883456
3.13606093737273
-1.75391938139284
0.109247678061779
0.17770762984355
-0.0442167569998235
3.25168304325571
3.28936672688273
3.37260407492598
3.33096036156578
-1.00459619269011
1.07058417102347
3.25264993494444
3.25333584479216
3.29479298842556
3.2965384983691
6.66362286211117
-0.551714612177623
-0.84686129001449
-0.413736181233625
0.0551815370450613
-1.04479408969417
0.565171275125886
1.52982821933119
0.469094509111203
-0.0573846860593509
0.937866644714567
-1.76508951671808
0.125591819663894
1.14446160713037
0.17346806334353
2.57860318901485
1.12898430400552
