Zscore
2.07897134576307
2.17177811177189
2.34753056980018
4.38220402112653
2.23695328444824
1.65624700904777
5.51609829795268
1.61531868224078
1.68298862218577
-1.98809060754893
2.36274218985073
4.53831163074987
2.38105707350328
3.21073917126381
4.60954032650059
1.93075052493925
2.06207009863575
3.00751225607745
3.15872090988315
-1.90340431735887
2.05045933353988
2.10077392312206
2.37656539267038
2.09531078262282
-1.32331958427493
6.21218984750235
3.03932852958608
2.9948832956042
2.02988108689591
2.46016517382234
2.38161579478724
1.75384939630806
2.20595787110635
2.1902558654881
2.14084858928106
2.1993403238146
2.16069223052549
6.55117944322393
1.96145493832476
0.963882441109477
2.93384775313251
2.21015239319371
2.14766602877547
3.14303951315435
2.15219751380353
2.06889496732605
5.93143113417026
5.86693692687059
2.30897966378853
2.20762332666701
0.26146664210625
4.87731597050627
1.85146523279621
0.919926976168876
5.17921708913971
0.552685205417418
5.58368110157432
2.17795104652002
6.29896931863247
1.46582399407396
2.22307340316175
2.16597696100528
5.27034249444268
-0.526925618934454
2.21275687422375
2.16699606280467
-0.54621627358099
