Zscore
-0.668660999048346
0.391375805635424
0.605668307325666
-0.70559626025454
1.41025249865003
-1.67999373631507
0.68393673716437
1.80984052226782
1.42121613205029
-0.756342925557285
-0.357683742043861
5.70317180943566
-1.20780289491467
0.272779911068322
-0.174494393143464
-0.731827565504866
0.433042358628696
-1.6610841075828
0.242308404407296
-0.132653599317428
0.179967227584409
-1.72810094873506
-2.20095075989041
-1.12864542076484
1.04897252865483
0.294505319194973
-0.580655723194567
0.583311552169961
