Zscore
9.38963519138314
9.3555919240391
9.36824218549483
9.31941617374629
9.23139754774448
9.29330437615317
9.27371822114335
9.24823952800002
9.26686652247012
9.26759677304541
9.21829419812319
9.27099190344279
6.14773478937998
9.21413753285399
9.34379702613733
9.32349392160571
9.37435874715245
9.09720120207428
9.44607363706275
0.448016618162395
9.26940449042994
9.28161779175564
-0.394872834783047
9.13397686610342
9.13266420855395
-2.43374283925075
5.73479288260959
8.38995409328786
9.15785479179084
6.68449762840045
6.56438898798895
6.34507192679627
6.40692223525916
6.38409843920314
7.61400515508185
7.7886654875167
5.26828497170148
4.46909725845139
3.87055756084247
4.71236790360836
7.90250594624029
-4.14889240456289
9.32973602802572
9.19318868106765
9.14101037073024
-4.13682886005841
-4.23647858192018
8.90200726761483
4.18250232060412
-4.01510954595057
8.43631812448941
-2.4378646128741
3.58588993562935
-4.00607454957343
-0.74288164258559
-4.08753067402269
