Zscore
-0.489784468316861
3.25469120647674
-0.774074390314107
-0.48876126012222
1.22783439986658
-0.502552291368579
-0.450187885091095
4.33367962466845
4.24840310916366
3.4257359466791
-0.206593983692886
-0.247350583916226
2.79244827745273
4.53265222366519
3.84073169102016
-0.0918085084524054
2.36704939670696
4.06424180062003
-0.475832881871244
3.85067596242539
4.87120675910064
4.98977097470704
4.5483229327126
1.37705116582457
0.170650181031519
4.94964241739626
0.485455933386112
4.28368638867836
4.34707348957956
4.18851215264026
-0.75986218296356
4.98294739308065
4.31324279944628
4.97439140945791
5.02791327181102
0.67158086285488
-0.542790942525554
4.03556427510327
-1.99701921132056
