Zscore
0.37654120630251
0.324699536391434
0.0184298526487588
0.559237291915894
-0.0242567605420915
0.00297618788997311
-0.02286608094708
-0.097986451511502
0.454078367023081
0.0131269411640482
-0.210126899010209
0.775782693256867
-0.193435083650207
-0.0663529395944937
-0.173256757325299
-0.219879617808579
0.253781597332401
0.780668704852438
0.540355098480573
0.444488931889201
0.995423540694454
-0.136352993246563
0.396358299664816
0.461286648861124
5.66403545028117
1.30648310766996
-0.0993664227361701
0.344353496028231
0.380701114858295
0.892909581511574
0.809358212347702
0.789137876090318
0.971423376319293
-0.545268074353966
0.900805468449544
-0.03635559576366
0.872009919002395
0.969082503128735
