Zscore
0.266719064027475
0.277650151370714
0.226398391996267
0.265344947175098
0.252837545682628
0.190513918233765
1.89153587119008
-0.5742568659641
-0.0868501025613619
0.85948889294313
-0.410965007313598
-1.70457324449804
-1.22045149806596
0.88349331052731
0.824844167773592
2.16040223993831
-0.803072745965825
-0.785882846635836
-0.580475038340171
-0.742509171149972
-0.565859842079242
-0.569381508997995
-0.740410003350632
0.239180879311785
-0.717347758516804
-0.433807115837001
0.839077488352274
0.531725854938091
0.105976323602402
-0.542286304696342
-0.750408440699026
-0.797103395760188
-0.0749170584746996
-0.144235561347883
1.27989478411805
-0.976630230541379
0.389601836827546
-0.819789942898398
0.89863494285751
-1.12536078156662
0.436392395860294
0.338127549951618
0.758854290577842
0.0111984480709467
-0.717915072126882
-0.738098914484298
0.655383262794505
-0.234355591899315
-0.0549555764843127
4.11525233821198
4.02217897486362
4.004795825848
4.010772127555
3.99386873907913
-0.429241886934098
4.02274010532072
0.697384480457236
4.0099896979387
-1.14962657073252
4.03440227066815
0.0152716643267283
0.797028151936149
0.707205771237363
-0.022933801083171
4.03012665834768
